\begin{tikzpicture}
\begin{axis}[
	xlabel={Time},	ylabel={\#instances solved},	xmin=0, xmax=600,
	ymin=0, ymax=110,
	xmode=log,
	legend pos=north west]
	\addplot[
		color=blue,
		mark=o,
	]
	coordinates {
		(0.62, 0)(0.62, 1)(0.79, 1)(0.79, 2)(1.61, 2)(1.61, 3)(1.9, 3)(1.9, 4)(1.97, 4)(1.97, 5)(2.2, 5)(2.2, 6)(2.67, 6)(2.67, 7)(2.73, 7)(2.73, 8)(3.24, 8)(3.24, 9)(3.95, 9)(3.95, 10)(6.02, 10)(6.02, 11)(7.46, 11)(7.46, 12)(9.03, 12)(9.03, 13)(9.65, 13)(9.65, 14)(9.7, 14)(9.7, 15)(10.16, 15)(10.16, 16)(11.13, 16)(11.13, 17)(11.69, 17)(11.69, 18)(13.48, 18)(13.48, 19)(13.77, 19)(13.77, 20)(17.09, 20)(17.09, 21)(20.8, 21)(20.8, 22)(21.17, 22)(21.17, 23)(21.47, 23)(21.47, 24)(23.99, 24)(23.99, 25)(24.63, 25)(24.63, 26)(25.68, 26)(25.68, 27)(26.67, 27)(26.67, 28)(26.96, 28)(26.96, 29)(27.33, 29)(27.33, 30)(31.38, 30)(31.38, 31)(46.85, 31)(46.85, 32)(47.15, 32)(47.15, 33)(53.46, 33)(53.46, 34)(53.98, 34)(53.98, 35)(56.92, 35)(56.92, 36)(64.64, 36)(64.64, 37)(65.96, 37)(65.96, 38)(83.17, 38)(83.17, 39)(85.45, 39)(85.45, 40)(87.13, 40)(87.13, 41)(87.38, 41)(87.38, 42)(91.0, 42)(91.0, 43)(93.33, 43)(93.33, 44)(95.04, 44)(95.04, 45)(95.1, 45)(95.1, 46)(96.32, 46)(96.32, 47)(96.56, 47)(96.56, 48)(97.47, 48)(97.47, 49)(99.49, 49)(99.49, 50)(116.79, 50)(116.79, 51)(120.96, 51)(120.96, 52)(126.99, 52)(126.99, 53)(133.48, 53)(133.48, 54)(135.09, 54)(135.09, 55)(137.77, 55)(137.77, 56)(144.09, 56)(144.09, 57)(163.73, 57)(163.73, 58)(176.69, 58)(176.69, 59)(191.14, 59)(191.14, 60)(200.16, 60)(200.16, 61)(243.09, 61)(243.09, 62)(266.68, 62)(266.68, 63)(294.28, 63)(294.28, 64)(332.23, 64)(332.23, 65)(336.71, 65)(336.71, 66)(341.14, 66)(341.14, 67)(354.7, 67)(354.7, 68)(355.69, 68)(355.69, 69)(396.96, 69)(396.96, 70)(417.49, 70)(417.49, 71)(532.71, 71)(532.71, 72)(535.19, 72)(535.19, 73)(586.11, 73)(586.11, 74)(595.83, 74)(595.83, 75)(606.17, 75)(606.17, 76)(600, 76)
	};
	\addplot[
		color=green,
		mark=triangle,
	]
	coordinates {
		(0.1, 0)(0.1, 1)(0.1, 1)(0.1, 2)(0.1, 2)(0.1, 3)(0.2, 3)(0.2, 4)(0.2, 4)(0.2, 5)(0.2, 5)(0.2, 6)(0.2, 6)(0.2, 7)(0.2, 7)(0.2, 8)(0.2, 8)(0.2, 9)(0.2, 9)(0.2, 10)(0.5, 10)(0.5, 11)(0.5, 11)(0.5, 12)(0.5, 12)(0.5, 13)(0.5, 13)(0.5, 14)(0.5, 14)(0.5, 15)(0.5, 15)(0.5, 16)(0.6, 16)(0.6, 17)(0.6, 17)(0.6, 18)(0.6, 18)(0.6, 19)(0.9, 19)(0.9, 20)(2.3, 20)(2.3, 21)(2.3, 21)(2.3, 22)(2.3, 22)(2.3, 23)(2.3, 23)(2.3, 24)(2.3, 24)(2.3, 25)(2.3, 25)(2.3, 26)(2.3, 26)(2.3, 27)(2.4, 27)(2.4, 28)(2.4, 28)(2.4, 29)(2.4, 29)(2.4, 30)(2.4, 30)(2.4, 31)(2.5, 31)(2.5, 32)(2.5, 32)(2.5, 33)(2.5, 33)(2.5, 34)(2.6, 34)(2.6, 35)(2.9, 35)(2.9, 36)(3.0, 36)(3.0, 37)(3.3, 37)(3.3, 38)(3.7, 38)(3.7, 39)(5.4, 39)(5.4, 40)(9.1, 40)(9.1, 41)(9.2, 41)(9.2, 42)(9.2, 42)(9.2, 43)(9.7, 43)(9.7, 44)(9.7, 44)(9.7, 45)(9.9, 45)(9.9, 46)(9.9, 46)(9.9, 47)(10.0, 47)(10.0, 48)(10.2, 48)(10.2, 49)(10.3, 49)(10.3, 50)(10.3, 50)(10.3, 51)(10.3, 51)(10.3, 52)(10.5, 52)(10.5, 53)(10.5, 53)(10.5, 54)(10.6, 54)(10.6, 55)(10.7, 55)(10.7, 56)(10.8, 56)(10.8, 57)(10.9, 57)(10.9, 58)(10.9, 58)(10.9, 59)(18.3, 59)(18.3, 60)(32.1, 60)(32.1, 61)(32.5, 61)(32.5, 62)(32.7, 62)(32.7, 63)(32.9, 63)(32.9, 64)(33.6, 64)(33.6, 65)(34.5, 65)(34.5, 66)(34.8, 66)(34.8, 67)(35.2, 67)(35.2, 68)(35.8, 68)(35.8, 69)(35.8, 69)(35.8, 70)(37.4, 70)(37.4, 71)(37.6, 71)(37.6, 72)(37.7, 72)(37.7, 73)(37.8, 73)(37.8, 74)(38.1, 74)(38.1, 75)(39.8, 75)(39.8, 76)(39.8, 76)(39.8, 77)(40.1, 77)(40.1, 78)(40.5, 78)(40.5, 79)(40.6, 79)(40.6, 80)(41.0, 80)(41.0, 81)(41.1, 81)(41.1, 82)(41.2, 82)(41.2, 83)(47.3, 83)(47.3, 84)(51.7, 84)(51.7, 85)(55.0, 85)(55.0, 86)(58.3, 86)(58.3, 87)(63.6, 87)(63.6, 88)(70.1, 88)(70.1, 89)(85.7, 89)(85.7, 90)(129.4, 90)(129.4, 91)(130.0, 91)(130.0, 92)(130.3, 92)(130.3, 93)(132.4, 93)(132.4, 94)(134.9, 94)(134.9, 95)(136.6, 95)(136.6, 96)(138.5, 96)(138.5, 97)(139.8, 97)(139.8, 98)(140.7, 98)(140.7, 99)(156.5, 99)(156.5, 100)(156.5, 100)(156.5, 101)(156.7, 101)(156.7, 102)(157.4, 102)(157.4, 103)(160.9, 103)(160.9, 104)(161.2, 104)(161.2, 105)(162.5, 105)(162.5, 106)(167.6, 106)(167.6, 107)(188.3, 107)(188.3, 108)(212.2, 108)(212.2, 109)(438.3, 109)(438.3, 110)(600, 110)
	};
	\legend{CPLEX, BORWin}
\end{axis}
\end{tikzpicture}