\begin{tikzpicture}
\begin{axis}[
	xlabel={Time},	ylabel={\#instances solved},	xmin=0, xmax=600,
	ymin=0, ymax=110,
	xmode=log,
	legend pos=north west]
	\addplot[
		color=blue,
		mark=o,
	]
	coordinates {
		(0.34, 0)(0.34, 1)(2.76, 1)(2.76, 2)(3.8, 2)(3.8, 3)(4.62, 3)(4.62, 4)(5.66, 4)(5.66, 5)(6.45, 5)(6.45, 6)(6.72, 6)(6.72, 7)(7.6, 7)(7.6, 8)(8.45, 8)(8.45, 9)(10.33, 9)(10.33, 10)(10.59, 10)(10.59, 11)(11.34, 11)(11.34, 12)(15.05, 12)(15.05, 13)(15.8, 13)(15.8, 14)(16.02, 14)(16.02, 15)(18.52, 15)(18.52, 16)(18.97, 16)(18.97, 17)(20.38, 17)(20.38, 18)(24.73, 18)(24.73, 19)(25.16, 19)(25.16, 20)(26.34, 20)(26.34, 21)(26.66, 21)(26.66, 22)(27.29, 22)(27.29, 23)(29.06, 23)(29.06, 24)(29.61, 24)(29.61, 25)(33.43, 25)(33.43, 26)(38.28, 26)(38.28, 27)(46.01, 27)(46.01, 28)(49.88, 28)(49.88, 29)(56.04, 29)(56.04, 30)(78.99, 30)(78.99, 31)(101.31, 31)(101.31, 32)(101.76, 32)(101.76, 33)(102.48, 33)(102.48, 34)(104.34, 34)(104.34, 35)(107.45, 35)(107.45, 36)(109.32, 36)(109.32, 37)(112.12, 37)(112.12, 38)(112.78, 38)(112.78, 39)(130.9, 39)(130.9, 40)(143.78, 40)(143.78, 41)(148.41, 41)(148.41, 42)(149.46, 42)(149.46, 43)(171.64, 43)(171.64, 44)(183.22, 44)(183.22, 45)(193.46, 45)(193.46, 46)(199.41, 46)(199.41, 47)(210.12, 47)(210.12, 48)(354.21, 48)(354.21, 49)(354.84, 49)(354.84, 50)(355.53, 50)(355.53, 51)(371.72, 51)(371.72, 52)(386.55, 52)(386.55, 53)(399.27, 53)(399.27, 54)(406.09, 54)(406.09, 55)(408.19, 55)(408.19, 56)(413.2, 56)(413.2, 57)(441.78, 57)(441.78, 58)(444.64, 58)(444.64, 59)(508.02, 59)(508.02, 60)(533.61, 60)(533.61, 61)(538.25, 61)(538.25, 62)(582.55, 62)(582.55, 63)(600, 63)
	};
	\addplot[
		color=green,
		mark=triangle,
	]
	coordinates {
		(0.2, 0)(0.2, 1)(0.2, 1)(0.2, 2)(0.2, 2)(0.2, 3)(0.2, 3)(0.2, 4)(0.2, 4)(0.2, 5)(0.2, 5)(0.2, 6)(0.3, 6)(0.3, 7)(0.5, 7)(0.5, 8)(0.6, 8)(0.6, 9)(0.6, 9)(0.6, 10)(0.6, 10)(0.6, 11)(0.6, 11)(0.6, 12)(0.7, 12)(0.7, 13)(0.7, 13)(0.7, 14)(0.8, 14)(0.8, 15)(0.8, 15)(0.8, 16)(0.8, 16)(0.8, 17)(1.9, 17)(1.9, 18)(2.1, 18)(2.1, 19)(2.2, 19)(2.2, 20)(2.5, 20)(2.5, 21)(2.7, 21)(2.7, 22)(2.8, 22)(2.8, 23)(2.9, 23)(2.9, 24)(2.9, 24)(2.9, 25)(3.3, 25)(3.3, 26)(3.4, 26)(3.4, 27)(3.5, 27)(3.5, 28)(5.2, 28)(5.2, 29)(8.3, 29)(8.3, 30)(9.3, 30)(9.3, 31)(9.9, 31)(9.9, 32)(10.1, 32)(10.1, 33)(10.3, 33)(10.3, 34)(11.5, 34)(11.5, 35)(12.0, 35)(12.0, 36)(15.0, 36)(15.0, 37)(17.2, 37)(17.2, 38)(20.1, 38)(20.1, 39)(20.7, 39)(20.7, 40)(21.4, 40)(21.4, 41)(24.9, 41)(24.9, 42)(27.5, 42)(27.5, 43)(30.7, 43)(30.7, 44)(33.2, 44)(33.2, 45)(35.0, 45)(35.0, 46)(36.5, 46)(36.5, 47)(39.8, 47)(39.8, 48)(43.7, 48)(43.7, 49)(54.8, 49)(54.8, 50)(57.3, 50)(57.3, 51)(67.3, 51)(67.3, 52)(67.4, 52)(67.4, 53)(71.8, 53)(71.8, 54)(78.6, 54)(78.6, 55)(80.4, 55)(80.4, 56)(86.4, 56)(86.4, 57)(101.5, 57)(101.5, 58)(114.0, 58)(114.0, 59)(115.0, 59)(115.0, 60)(121.5, 60)(121.5, 61)(122.5, 61)(122.5, 62)(138.9, 62)(138.9, 63)(141.3, 63)(141.3, 64)(149.7, 64)(149.7, 65)(162.9, 65)(162.9, 66)(165.7, 66)(165.7, 67)(168.0, 67)(168.0, 68)(170.4, 68)(170.4, 69)(172.4, 69)(172.4, 70)(190.9, 70)(190.9, 71)(198.3, 71)(198.3, 72)(205.8, 72)(205.8, 73)(213.1, 73)(213.1, 74)(224.0, 74)(224.0, 75)(255.8, 75)(255.8, 76)(340.8, 76)(340.8, 77)(405.7, 77)(405.7, 78)(412.8, 78)(412.8, 79)(523.0, 79)(523.0, 80)(555.2, 80)(555.2, 81)(563.8, 81)(563.8, 82)(600, 82)
	};
	\legend{CPLEX, BORWin}
\end{axis}
\end{tikzpicture}